15485686   0.9999935626983643   6.479187504737638e-06
15485686   0.9999810457229614   1.8924967662314884e-05
15485686   0.9999935626983643   6.4323112383135594e-06
16046395   0.9923927783966064   0.007607189938426018
16046395   4.830647594644688e-05   0.9999517202377319
16046395   0.007230223622173071   0.9927697777748108
16046395   0.014774909242987633   0.9852250218391418
16046395   0.0006234028842300177   0.9993765950202942
16046395   0.968214750289917   0.03178519383072853
16046395   0.013637586496770382   0.9863623976707458
16046395   0.9999527931213379   4.7221627028193325e-05
18457324   0.005974207539111376   0.9940258264541626
18457324   0.9976119995117188   0.00238801003433764
18457324   0.9999935626983643   6.388831479853252e-06
18457324   0.9999935626983643   6.385481810866622e-06
18457324   0.0006038814317435026   0.9993960857391357
18457324   0.0011847057612612844   0.9988152980804443
18457324   0.9999935626983643   6.401272457878804e-06
18457324   0.9999935626983643   6.40533335172222e-06
18457324   0.0007045862730592489   0.9992953538894653
18457324   0.0011635121190920472   0.9988364577293396
18457324   0.9968705773353577   0.0031294359359890223
18457324   5.5492895626230165e-05   0.9999444484710693
18457324   0.00012351512850727886   0.9998764991760254
18457324   0.00023788984981365502   0.9997621178627014
18457324   0.00036564646870829165   0.9996343851089478
18457324   0.00015824551519472152   0.9998416900634766
18457324   0.00031224440317600965   0.9996877908706665
18457324   0.00016015164146665484   0.9998397827148438
18457324   0.01593458652496338   0.9840654730796814
18457324   0.00797959603369236   0.9920204281806946
18457324   0.9999936819076538   6.375915745593375e-06
18457324   0.9901302456855774   0.009869766421616077
18457324   0.9999935626983643   6.389428563124966e-06
18457324   0.0008954390068538487   0.9991045594215393
18457324   0.9999936819076538   6.374760687322123e-06
18457324   0.0002523981384001672   0.9997475743293762
18457324   0.0002318441984243691   0.9997681975364685
18457324   0.012038587592542171   0.9879613518714905
18457324   0.008959793485701084   0.9910401701927185
18457324   0.013914882205426693   0.986085057258606
18457324   0.991698145866394   0.00830179825425148
18457324   0.005795703269541264   0.9942043423652649
18457324   0.030881140381097794   0.9691188931465149
18457324   0.000825465889647603   0.9991745352745056
18457324   0.9999935626983643   6.395451691787457e-06
19394258   1.6492687791469507e-05   0.999983549118042
19394258   1.2497987881943118e-05   0.9999874830245972
19565319   0.9999934434890747   6.600465894734953e-06
19565319   0.9999926090240479   7.366800673480611e-06
19565319   0.9999935626983643   6.457289600803051e-06
19565319   0.9999933242797852   6.618391580559546e-06
19565319   0.9999934434890747   6.509683771582786e-06
19565319   0.9999934434890747   6.547120847244514e-06
19565319   0.9999935626983643   6.409366505977232e-06
20648600   0.9999909400939941   9.061918717634398e-06
20648600   0.9999896287918091   1.0396693141956348e-05
20648600   0.9999934434890747   6.505240435217274e-06
20648600   0.9999935626983643   6.406671673175879e-06
20648600   0.9999078512191772   9.21760147321038e-05
20648600   0.9997536540031433   0.0002463657583575696
20648600   0.9997395873069763   0.00026038920623250306
20648600   0.9999935626983643   6.4583855419186875e-06
20648600   0.9999934434890747   6.5242211348959245e-06
20648600   0.999993085861206   6.898753781570122e-06
20648600   0.9999935626983643   6.440499419113621e-06
20648600   0.999992847442627   7.182740318967262e-06
20648600   0.9999462366104126   5.375601176638156e-05
20648600   0.9999570846557617   4.2864052375080064e-05
20648600   0.9996781349182129   0.00032187908072955906
20648600   0.9906567335128784   0.009343276731669903
20648600   0.9868103265762329   0.013189745135605335
20648600   0.9999932050704956   6.807141289755236e-06
21976953   0.9977670907974243   0.002232912927865982
21976953   0.9979981780052185   0.0020017914939671755
21976953   0.9999934434890747   6.512136678793468e-06
21976953   0.9985491633415222   0.0014507771702483296
21976953   0.9941304326057434   0.005869599524885416
21976953   0.9948081374168396   0.0051919338293373585
21976953   0.9999935626983643   6.427711923606694e-06
21976953   0.9999904632568359   9.586224223312456e-06
2491010   0.999992847442627   7.17282819095999e-06
2491010   0.9999935626983643   6.487237897090381e-06
2491010   0.9958853125572205   0.004114633426070213
2491010   0.9999935626983643   6.424230832635658e-06
2491010   0.9999934434890747   6.5334052123944275e-06
2491010   0.9999935626983643   6.4324949562433176e-06
2491010   0.9999935626983643   6.4560704231553245e-06
2491010   0.9999935626983643   6.450900855270447e-06
25006961   0.9999935626983643   6.44509509584168e-06
25006961   0.0003221667429897934   0.9996778964996338
25006961   6.49585053906776e-05   0.9999350309371948
25006961   2.9728233130299486e-05   0.9999703168869019
25006961   0.9997530579566956   0.0002469315368216485
25006961   0.003594555426388979   0.9964054822921753
25006961   0.9999847412109375   1.526911000837572e-05
25006961   0.005394815467298031   0.9946052432060242
25006961   0.9999366998672485   6.332097837002948e-05
25006961   6.670411676168442e-05   0.9999332427978516
25006961   0.9994580149650574   0.000541959423571825
25006961   0.999987006187439   1.29724430735223e-05
25006961   0.005478920880705118   0.9945210218429565
25006961   0.9998206496238708   0.00017942325212061405
25006961   0.0012658830964937806   0.998734176158905
25006961   0.9999616146087646   3.842095611616969e-05
25006961   0.0029502385295927525   0.9970496892929077
25006961   0.99998939037323   1.0575401574897114e-05
25006961   0.9999920129776001   7.984511285030749e-06
25006961   0.002594356657937169   0.9974055886268616
25006961   0.9999866485595703   1.3373292858886998e-05
25006961   0.0004146580758970231   0.9995853304862976
25006961   8.223199984058738e-05   0.99991774559021
25006961   0.9999934434890747   6.5892390921362676e-06
27464336   4.858291504206136e-05   0.9999513626098633
27464336   0.9999929666519165   7.0134428824530914e-06
27464336   0.0003679797810036689   0.9996320009231567
27464336   0.9998981952667236   0.00010184948041569442
27464336   4.231123602949083e-05   0.9999576807022095
27464336   3.938350346288644e-05   0.9999606609344482
27464336   3.3254891604883596e-05   0.9999667406082153
27464336   3.580324482754804e-05   0.9999642372131348
27464336   0.01032634824514389   0.9896736145019531
27464336   2.030377072514966e-05   0.9999797344207764
27464336   1.5398965842905454e-05   0.999984622001648
27464336   1.309659728576662e-05   0.9999868869781494
27464336   0.0004472241853363812   0.9995527863502502
27464336   3.636496330727823e-05   0.999963641166687
27464336   1.3556490557675716e-05   0.9999864101409912
27464336   0.0023404164239764214   0.9976595640182495
27464336   2.4819028112688102e-05   0.9999752044677734
27464336   2.460061114106793e-05   0.9999754428863525
8829135   2.2257088858168572e-05   0.999977707862854
8829135   2.7171074179932475e-05   0.9999728202819824
18503483   0.9999933242797852   6.656129698967561e-06
18503483   0.9997599720954895   0.00024006010789889842
18503483   0.9999935626983643   6.4599876168358605e-06
26991973   2.9319477107492276e-05   0.9999706745147705
26991973   1.723068271530792e-05   0.9999827146530151
26991973   2.5523346266709268e-05   0.9999744892120361
26991973   3.382233262527734e-05   0.9999661445617676
26991973   0.00013333759852685034   0.9998666048049927
26991973   0.0001194959768326953   0.9998804330825806
26991973   1.1495803846628405e-05   0.9999885559082031
26991973   3.485143679426983e-05   0.9999651908874512
26991973   0.0004278864653315395   0.9995720982551575
26991973   0.0008958111284300685   0.9991042017936707
26991973   0.000651070848107338   0.9993489384651184
26991973   5.0591239414643496e-05   0.9999494552612305
26991973   0.0013990479055792093   0.9986009001731873
26991973   0.9981421232223511   0.001857843017205596
16112787   0.9999840259552002   1.6020765542634763e-05
16112787   5.222088657319546e-05   0.9999477863311768
16112787   0.9999922513961792   7.806055691617075e-06
16112787   0.999993085861206   6.88604086462874e-06
16112787   0.9999927282333374   7.318164080061251e-06
16112787   0.9999932050704956   6.754231890226947e-06
16112787   0.9999904632568359   9.516559657640755e-06
16112787   0.999913215637207   8.672214607940987e-05
16112787   0.999968409538269   3.155572994728573e-05
16112787   0.9999892711639404   1.0697713150875643e-05
16112787   0.9982905983924866   0.0017094137147068977
16112787   0.12366769462823868   0.8763323426246643
16112787   4.5361124648479745e-05   0.9999545812606812
16112787   4.588053343468346e-05   0.999954104423523
16112787   0.9944453835487366   0.00555469049140811
16112787   0.9966574907302856   0.0033425160218030214
16112787   6.60695368424058e-05   0.9999339580535889
16112787   5.377160050556995e-05   0.9999462366104126
16112787   6.951501563889906e-05   0.9999305009841919
16112787   0.9999737739562988   2.6234763936372474e-05
16112787   0.999983549118042   1.6399460946558975e-05
16112787   0.9999618530273438   3.8120695535326377e-05
16112787   0.9985853433609009   0.0014147211331874132
16112787   0.9999759197235107   2.402648897259496e-05
16112787   0.9999775886535645   2.2428188458434306e-05
15233872   0.9999927282333374   7.238852958835196e-06
15233872   0.9960891008377075   0.003910924773663282
15233872   0.9926281571388245   0.007371894549578428
15233872   0.9999884366989136   1.1611527952481993e-05
15233872   0.003881470300257206   0.9961185455322266
15233872   0.9999934434890747   6.525527624035021e-06
15233872   0.9999899864196777   1.0047777323052287e-05
15233872   7.113869651220739e-05   0.9999288320541382
15233872   0.00041997345397248864   0.9995800852775574
15233872   0.9999915361404419   8.478625204588752e-06
15233872   0.02086230181157589   0.9791377782821655
15233872   0.9999933242797852   6.7162200139136985e-06
17059986   0.9999935626983643   6.385384040186182e-06
17059986   0.9999935626983643   6.401284736057278e-06
17059986   0.9999934434890747   6.535854026878951e-06
17059986   0.9999933242797852   6.619072792091174e-06
17059986   0.9999935626983643   6.413071787392255e-06
18991055   0.0003050806699320674   0.9996949434280396
18991055   0.0003364129224792123   0.9996635913848877
18991055   0.0009384284494444728   0.9990615248680115
18991055   0.9999935626983643   6.464196303568315e-06
18991055   0.002452647779136896   0.9975473284721375
18991055   0.00020474746997933835   0.9997952580451965
18991055   0.0005180540611036122   0.9994819760322571
18991055   0.9999935626983643   6.401236078090733e-06
18991055   0.9999935626983643   6.39429890725296e-06
18991055   0.9999384880065918   6.147471140138805e-05
18991055   0.9999935626983643   6.397818651748821e-06
18991055   0.9999935626983643   6.394597676262492e-06
18991055   0.00021027529146522284   0.9997897744178772
18991055   0.0028607125859707594   0.9971393346786499
18991055   0.000659604265820235   0.9993403553962708
18991055   0.9999935626983643   6.398587174771819e-06
20705401   0.999992847442627   7.171583092713263e-06
20705401   0.9999935626983643   6.444493010349106e-06
20705401   0.9999932050704956   6.784328888898017e-06
20705401   0.9581707715988159   0.0418291874229908
20705401   0.9999935626983643   6.3893739934428595e-06
20705401   0.9999936819076538   6.370196842908626e-06
20705401   0.9999936819076538   6.364143246173626e-06
20705401   0.9999935626983643   6.411702088371385e-06
20705401   0.9999929666519165   7.006844043644378e-06
20705401   0.9960849285125732   0.00391500536352396
20705401   0.9999936819076538   6.374748409143649e-06
22369755   2.016452890529763e-05   0.9999798536300659
22369755   0.009174610488116741   0.990825355052948
22369755   8.093174255918711e-05   0.999919056892395
22369755   6.1639970226679e-05   0.9999383687973022
22369755   0.00032028910936787724   0.999679684638977
22369755   0.0001327211211901158   0.99986732006073
22369755   0.0007765420014038682   0.9992234706878662
22369755   4.804602940566838e-05   0.999951958656311
22369755   8.671471005072817e-05   0.9999133348464966
22369755   0.0006939528975635767   0.9993060827255249
22369755   0.00015436425746884197   0.9998456239700317
22369755   5.466137008625083e-05   0.9999452829360962
22369755   0.00018269711290486157   0.9998173117637634
22369755   3.774204378714785e-05   0.9999622106552124
22369755   8.344915113411844e-05   0.9999165534973145
22369755   0.0014912020415067673   0.9985087513923645
22369755   4.2280742491129786e-05   0.9999576807022095
22369755   3.6982226447435096e-05   0.9999630451202393
22369755   0.00010015450970968232   0.9998998641967773
22369755   0.0036431679036468267   0.9963567852973938
22369755   0.00010223373828921467   0.9998977184295654
22369755   0.0001067950579454191   0.9998931884765625
27959387   0.00015333211922552437   0.9998466968536377
27959387   7.533845928264782e-05   0.9999246597290039
27959387   0.0003530381654854864   0.9996469020843506
27959387   8.545351010980085e-05   0.9999145269393921
27959387   0.00018449283379595727   0.9998155236244202
27959387   9.409007179783657e-05   0.9999059438705444
27959387   0.9998952150344849   0.00010476112220203504
21684788   0.9999932050704956   6.809049864386907e-06
21684788   0.9999935626983643   6.410050900740316e-06
21684788   0.9999934434890747   6.5069780248450115e-06
21684788   0.999992847442627   7.134037787182024e-06
21684788   0.9999936819076538   6.3703605519549455e-06
21684788   0.9999934434890747   6.504415068775415e-06
21684788   0.999992847442627   7.142629328882322e-06
26937641   0.05692543834447861   0.9430745840072632
26937641   0.9999933242797852   6.622622095164843e-06
26937641   6.70250374241732e-05   0.9999330043792725
26937641   1.843802056100685e-05   0.9999815225601196
26937641   0.00013157117064110935   0.9998683929443359
26937641   0.9999927282333374   7.282837486854987e-06
26937641   0.0005046446458436549   0.9994953870773315
26937641   5.9975711337756366e-05   0.999940037727356
26937641   0.999842643737793   0.00015733121836092323
26937641   1.3600142665382009e-05   0.9999864101409912
26937641   0.0006054611294530332   0.9993945360183716
26937641   8.783547673374414e-05   0.9999121427536011
26937641   1.920931572385598e-05   0.9999808073043823
26937641   0.9999926090240479   7.337283477681922e-06
26937641   0.9999926090240479   7.357301910815295e-06
26937641   0.997907280921936   0.0020926909055560827
26937641   0.14149458706378937   0.858505368232727
26937641   0.9999932050704956   6.779407158319373e-06
15464247   0.9999933242797852   6.624024081247626e-06
15824163   0.9999914169311523   8.626594535598997e-06
15824163   0.9976750016212463   0.0023250498343259096
15824163   0.9999935626983643   6.440819106501294e-06
15824163   0.9999933242797852   6.711712558171712e-06
15824163   0.0023985349107533693   0.9976014494895935
15824163   0.9999933242797852   6.6725651777233e-06
15824163   0.9999914169311523   8.570129466534127e-06
15824163   0.9999873638153076   1.2607859389390796e-05
15824163   0.0019274379592388868   0.9980725049972534
15824163   0.0006907337228767574   0.9993093013763428
15824163   0.9946361184120178   0.0053638070821762085
15824163   0.009196938946843147   0.9908030033111572
15824163   0.9999914169311523   8.628552677691914e-06
15824163   0.9999932050704956   6.749853127985261e-06
26900322   1.6045718439272605e-05   0.9999839067459106
26900322   1.809927744034212e-05   0.9999818801879883
26900322   0.00010146609565708786   0.9998985528945923
26900322   0.00013020378537476063   0.9998698234558105
26900322   0.00011651754903141409   0.9998834133148193
26900322   6.861208385089412e-05   0.9999313354492188
26900322   3.455922706052661e-05   0.9999654293060303
26900322   5.981139111099765e-05   0.9999401569366455
26900322   3.270201705163345e-05   0.9999673366546631
26900322   7.442176865879446e-05   0.9999256134033203
16840830   0.9999934434890747   6.523816864500986e-06
16840830   0.9999934434890747   6.501568805106217e-06
16840830   0.999993085861206   6.946710527699906e-06
16840830   0.9999935626983643   6.4075943555508275e-06
16840830   0.9999933242797852   6.655037395830732e-06
16840830   0.9999934434890747   6.551193564519053e-06
16840830   0.9999935626983643   6.398184268618934e-06
16840830   0.9999935626983643   6.423018021450844e-06
16840830   0.9999929666519165   6.992812359385425e-06
16840830   0.9998968839645386   0.00010316034604329616
16840830   0.9999935626983643   6.492913598776795e-06
15668505   0.9999648332595825   3.5202971048420295e-05
26847345   0.9999932050704956   6.82699601384229e-06
26847345   0.9999935626983643   6.433323051169282e-06
26847345   0.9999935626983643   6.467402727139415e-06
26847345   3.2804593502078205e-05   0.9999672174453735
26847345   2.8442867915146053e-05   0.9999715089797974
26847345   2.704094731598161e-05   0.999972939491272
26847345   1.9286999304313213e-05   0.9999806880950928
15818664   0.0008026696159504354   0.9991973042488098
15818664   2.876046892197337e-05   0.9999712705612183
15818664   0.00034154861350543797   0.999658465385437
15818664   2.4322707758983597e-05   0.9999756813049316
15818664   0.00011477500811452046   0.9998852014541626
15818664   0.9807772040367126   0.0192228015512228
15818664   0.9999932050704956   6.769870196876582e-06
15818664   0.00019965486717410386   0.9998003840446472
15818664   1.4011110579303931e-05   0.999985933303833
15818664   1.7519425455247983e-05   0.999982476234436
15818664   0.0008856013882905245   0.9991143345832825
15818664   0.00031756688258610666   0.9996824264526367
15818664   0.976152241230011   0.02384777180850506
15818664   0.9999929666519165   6.983249022596283e-06
15818664   0.9999879598617554   1.1981344869127497e-05
15818664   9.024742030305788e-05   0.9999097585678101
15818664   0.000659671553876251   0.9993403553962708
15818664   6.733632471878082e-05   0.9999326467514038
15818664   0.00035251505323685706   0.9996474981307983
15818664   0.970604658126831   0.02939535118639469
15818664   0.9895555377006531   0.010444416664540768
22729903   0.9999935626983643   6.457110885094153e-06
22729903   0.9999935626983643   6.39125710222288e-06
22729903   0.9999935626983643   6.387716439348878e-06
22729903   0.9999935626983643   6.3795891946938355e-06
22729903   0.9999935626983643   6.422583282983396e-06
22729903   0.9999936819076538   6.37704715700238e-06
22729903   0.9999935626983643   6.3802099248277955e-06
22729903   0.9999935626983643   6.389434929587878e-06
25277705   0.9985535740852356   0.0014463926199823618
25277705   4.086405533598736e-05   0.9999591112136841
25277705   0.9986289739608765   0.0013710989151149988
25277705   0.9759618639945984   0.02403813973069191
25277705   0.000355598924215883   0.99964439868927
25277705   4.535442712949589e-05   0.9999547004699707
25277705   0.0023444860707968473   0.9976555109024048
25277705   0.9999932050704956   6.766597834939603e-06
25277705   0.00017929327441379428   0.9998207688331604
25277705   0.0026201498694717884   0.9973798394203186
25277705   0.0049626827239990234   0.9950372576713562
25277705   0.0005215299315750599   0.9994785189628601
25277705   5.351571962819435e-05   0.9999464750289917
25277705   2.09335885301698e-05   0.9999790191650391
25277705   5.269844041322358e-05   0.9999473094940186
25277705   0.9921337366104126   0.007866283878684044
25277705   0.9976202845573425   0.0023796798195689917
25277705   0.0590602271258831   0.9409397840499878
25277705   0.0007883646758273244   0.9992115497589111
25277705   2.574423524492886e-05   0.999974250793457
25277705   0.9999935626983643   6.473598205047892e-06
25277705   0.00022600861848331988   0.9997740387916565
25277705   0.00020041321113239974   0.9997995495796204
25277705   0.00018093422113452107   0.9998190999031067
25277705   0.00013961931108497083   0.999860405921936
25277705   0.00015641101344954222   0.9998435974121094
25277705   0.00016137429338414222   0.9998385906219482
25277705   0.00010396846482763067   0.9998960494995117
25277705   0.00014114314399193972   0.9998588562011719
25277705   0.0006112593109719455   0.9993886947631836
25277705   6.724373088218272e-05   0.9999327659606934
25277705   0.9993098974227905   0.0006900697480887175
25277705   1.9692504793056287e-05   0.9999803304672241
25277705   0.0704338401556015   0.9295662045478821
25277705   0.00032671005465090275   0.9996732473373413
25277705   0.00018529145745560527   0.9998146891593933
25277705   0.0001961497328011319   0.9998038411140442
25277705   0.00020612274238374084   0.9997939467430115
25277705   0.9934631586074829   0.006536845583468676
25277705   0.9703004360198975   0.029699601233005524
25277705   0.00031416950514540076   0.9996858835220337
25277705   0.00015201403584796935   0.9998480081558228
25277705   4.437470488483086e-05   0.9999556541442871
25277705   0.005218340549618006   0.9947816729545593
25277705   0.00043111847480759025   0.9995688796043396
25277705   0.991933286190033   0.0080667519941926
25277705   0.00011740197078324854   0.9998825788497925
18257781   0.9997876286506653   0.0002123531448887661
18257781   0.9999932050704956   6.8394756453926675e-06
18257781   0.0044438960030674934   0.9955560564994812
18257781   0.9824939370155334   0.01750599592924118
18257781   0.9999809265136719   1.9114677343168296e-05
18257781   0.9999673366546631   3.262675818405114e-05
18257781   0.9998699426651001   0.00013008118548896164
18257781   0.9999805688858032   1.947953933267854e-05
18257781   0.9985772371292114   0.001422804780304432
18257781   0.9999858140945435   1.414288635714911e-05
18257781   0.9999916553497314   8.395605618716218e-06
18257781   0.999985933303833   1.4107999049883801e-05
20534762   0.9999935626983643   6.447025953093544e-06
20534762   0.9999926090240479   7.408149485854665e-06
20534762   8.411722956225276e-05   0.9999158382415771
20534762   0.9958135485649109   0.004186452366411686
20534762   0.999859094619751   0.00014084333088248968
16970763   0.9740545153617859   0.025945471599698067
16970763   0.9995241165161133   0.00047592600458301604
16970763   0.9999933242797852   6.678664249193389e-06
16970763   0.9999934434890747   6.500322797364788e-06
16970763   0.9999934434890747   6.50249876343878e-06
16970763   0.01164771243929863   0.9883522391319275
16970763   0.0005819302750751376   0.9994181394577026
16970763   0.9999921321868896   7.892002031439915e-06
16970763   0.0006185226957313716   0.999381422996521
16970763   0.9999935626983643   6.4468786149518564e-06
16970763   0.0004967115819454193   0.9995032548904419
16970763   0.9999935626983643   6.405987278412795e-06
16970763   0.9999935626983643   6.394329375325469e-06
19207031   0.9999929666519165   7.046649443509523e-06
19207031   0.9999909400939941   9.087309990718495e-06
19207031   0.999993085861206   6.883493369969074e-06
19207031   0.9999929666519165   7.036885108391289e-06
19207031   0.9999934434890747   6.5228709900111426e-06
19207031   0.9999935626983643   6.404282885341672e-06
19207031   0.9999935626983643   6.459315954998601e-06
19207031   0.9999929666519165   7.073649157973705e-06
19207031   0.9959012866020203   0.004098669160157442
19207031   0.9999908208847046   9.174098522635177e-06
19207031   0.8484002351760864   0.15159974992275238
19207031   0.9999936819076538   6.3688789850857574e-06
19207031   0.9999935626983643   6.402359758794773e-06
19207031   0.019580550491809845   0.9804194569587708
19207031   0.0005668819067068398   0.9994331002235413
19207031   0.9999935626983643   6.441506684495835e-06
19276632   0.9999936819076538   6.3742136262590066e-06
19276632   0.9999874830245972   1.2493412214098498e-05
19276632   0.9999935626983643   6.392494469764642e-06
19276632   0.9999935626983643   6.436121566366637e-06
19276632   0.9995152950286865   0.0004847254604101181
21219851   0.9999721050262451   2.785744800348766e-05
21219851   0.9999935626983643   6.4886176005529705e-06
21219851   0.0003018463612534106   0.9996981620788574
21219851   0.00011668055230984464   0.9998832941055298
21219851   0.00022768396593164653   0.9997723698616028
23069675   3.364918666193262e-05   0.9999663829803467
23069675   0.000789094134233892   0.9992108345031738
23069675   0.00458713062107563   0.9954128861427307
23069675   0.0003549190587364137   0.9996451139450073
23069675   8.638556028017774e-05   0.9999135732650757
23069675   4.674010051530786e-05   0.9999532699584961
23069675   1.0847156772797462e-05   0.9999891519546509
23069675   2.418967596895527e-05   0.9999758005142212
23069675   5.040005999035202e-05   0.99994957447052
23069675   3.302387267467566e-05   0.9999669790267944
23069675   2.2995958715910092e-05   0.9999769926071167
23069675   1.4430604096560273e-05   0.9999855756759644
23069675   1.7796261090552434e-05   0.9999822378158569
23069675   2.3840517314965837e-05   0.9999761581420898
23069675   2.3171474822447635e-05   0.9999768733978271
23069675   1.78578029590426e-05   0.9999821186065674
23069675   1.5216037354548462e-05   0.9999847412109375
23069675   1.266962044610409e-05   0.9999873638153076
23069675   1.5152814739849418e-05   0.999984860420227
23069675   1.7790440324461088e-05   0.9999822378158569
23069675   0.02526625245809555   0.9747337102890015
23069675   1.2514901754911989e-05   0.9999874830245972
23069675   1.2273311767785344e-05   0.9999877214431763
23069675   2.2849339075037278e-05   0.9999771118164062
23069675   0.0016519773053005338   0.9983479976654053
23069675   3.3899708796525374e-05   0.9999661445617676
23069675   0.9764190316200256   0.02358105219900608
23069675   3.006356200785376e-05   0.9999699592590332
25874935   0.9999934434890747   6.5102863118227106e-06
25874935   0.00016895179578568786   0.999830961227417
25874935   0.01869935914874077   0.9813005924224854
25874935   0.9998801946640015   0.00011977661779383197
25874935   0.9985976815223694   0.001402350957505405
25874935   3.602290962589905e-05   0.9999639987945557
25874935   0.9999924898147583   7.4590420808817726e-06
25874935   0.00016230327310040593   0.9998376369476318
25874935   0.00031167903216555715   0.9996883869171143
25874935   1.00710221886402e-05   0.9999899864196777
25874935   1.3078623851470184e-05   0.9999868869781494
25874935   0.9993915557861328   0.0006083875196054578
25874935   0.9999924898147583   7.5399739216663875e-06
25874935   1.4814034329901915e-05   0.9999852180480957
25874935   0.0002731054264586419   0.9997268319129944
25874935   0.001895481371320784   0.998104453086853
25874935   0.00031991832656785846   0.9996800422668457
25874935   0.999990701675415   9.301237696490716e-06
25874935   3.194663077010773e-05   0.9999680519104004
25874935   3.186132016708143e-05   0.9999681711196899
25874935   0.0001321555901085958   0.9998677968978882
25874935   0.000369600165868178   0.999630331993103
25874935   0.0009254663600586355   0.9990744590759277
25874935   6.0067752201575786e-05   0.9999399185180664
25874935   0.999991774559021   8.174807589966804e-06
25874935   0.00019901435007341206   0.999800980091095
25874935   1.6031035556807183e-05   0.9999840259552002
25874935   2.701800622162409e-05   0.999972939491272
28846666   0.027569079771637917   0.9724308848381042
28846666   0.9999935626983643   6.430446319427574e-06
28846666   0.9999935626983643   6.37777020529029e-06
28846666   0.9999935626983643   6.400247002602555e-06
28846666   0.9999936819076538   6.3752472669875715e-06
28846666   0.9999935626983643   6.3987945395638235e-06
28846666   0.9999935626983643   6.396342087100493e-06
28846666   0.9999935626983643   6.386206223396584e-06
28846666   0.9999935626983643   6.419919373001903e-06
28846666   0.9999935626983643   6.393317107722396e-06
28846666   0.018438639119267464   0.9815613627433777
28846666   0.007971284911036491   0.9920287728309631
28846666   0.9826526641845703   0.017347320914268494
28846666   0.0017498560482636094   0.9982500672340393
28846666   5.1949442422483116e-05   0.9999480247497559
28846666   0.00032427816768176854   0.9996757507324219
28846666   0.0002925201551988721   0.9997074007987976
28846666   0.9999935626983643   6.388039764715359e-06
28846666   0.00069896673085168   0.9993010759353638
28846666   0.00023217334819491953   0.9997678399085999
28846666   0.9996891021728516   0.00031089907861314714
28846666   0.9998313188552856   0.00016864214558154345
28846666   0.999884843826294   0.00011517243547132239
28846666   0.9953083395957947   0.00469168508425355
28846666   0.9999935626983643   6.415622920030728e-06
15459975   0.031429119408130646   0.9685708284378052
15459975   0.9999932050704956   6.7609535108204e-06
15459975   0.999988317489624   1.1640841876214836e-05
15459975   0.004990215878933668   0.9950097799301147
15459975   0.03750453144311905   0.9624954462051392
15459975   0.9999934434890747   6.615256552322535e-06
15459975   4.149776941630989e-05   0.9999585151672363
15459975   0.9999935626983643   6.425676929211477e-06
19208385   0.9999934434890747   6.522566309286049e-06
19208385   0.9999935626983643   6.430078428820707e-06
19208385   0.9999935626983643   6.416858923330437e-06
19681452   0.9999905824661255   9.371594387630466e-06
20709368   3.367762838024646e-05   0.9999662637710571
20709368   4.881270797341131e-05   0.9999512434005737
20709368   7.491606811527163e-05   0.9999251365661621
20709368   0.99970942735672   0.0002905528526753187
20709368   0.00011460800305940211   0.9998853206634521
20709368   0.9999935626983643   6.40459484202438e-06
20709368   0.9999935626983643   6.40000325802248e-06
20709368   0.003334126668050885   0.996665894985199
20709368   0.01968993991613388   0.9803100228309631
20709368   0.9999935626983643   6.379150818247581e-06
20709368   0.0002448313171043992   0.9997552037239075
20709368   0.9999935626983643   6.399368430720642e-06
20709368   6.199005292728543e-05   0.9999380111694336
20709368   0.9999936819076538   6.377302725013578e-06
20709368   0.000463702657725662   0.9995362758636475
20709368   0.9999935626983643   6.388258498191135e-06
21879313   0.9997530579566956   0.00024696876062080264
21879313   0.9999926090240479   7.366266800090671e-06
21879313   0.9953325390815735   0.004667472559958696
21879313   0.9999899864196777   9.990742000809405e-06
21879313   0.9999933242797852   6.666560693702195e-06
21879313   0.9979498982429504   0.0020501776598393917
21879313   0.9999933242797852   6.62858656141907e-06
21879313   0.010458797216415405   0.989541232585907
27798239   1.0579315130598843e-05   0.99998939037323
27798239   1.1391308362362906e-05   0.9999885559082031
27798239   9.072693501366302e-06   0.9999909400939941
27798239   0.9999914169311523   8.623987014289014e-06
27993978   1.1005224223481491e-05   0.9999890327453613
27993978   9.241000043402892e-06   0.999990701675415
27993978   9.323599442723207e-06   0.999990701675415
15820770   0.9998168349266052   0.00018313259351998568
15820770   2.3671374947298318e-05   0.9999762773513794
15820770   0.001132673118263483   0.998867392539978
15820770   0.00012124960630899295   0.9998787641525269
15820770   0.005451724864542484   0.9945482611656189
15820770   0.00022481815540231764   0.999775230884552
15820770   4.592176992446184e-05   0.999954104423523
15820770   0.0005340314819477499   0.9994660019874573
15820770   0.015146647579967976   0.9848533868789673
15820770   0.0007019774056971073   0.9992979764938354
16186368   0.9999924898147583   7.534123596997233e-06
16186368   0.9999935626983643   6.435741397581296e-06
16186368   0.9999927282333374   7.249658210639609e-06
16186368   0.9999935626983643   6.48858667773311e-06
26110643   2.5818904759944417e-05   0.9999741315841675
26110643   6.031796510796994e-05   0.9999396800994873
26110643   8.640047599328682e-05   0.9999135732650757
26110643   3.6538694985210896e-05   0.9999634027481079
26110643   9.901779776555486e-06   0.9999901056289673
26110643   0.00026968398015014827   0.9997302889823914
26110643   0.00016417482402175665   0.9998358488082886
26110643   5.565554238273762e-05   0.9999443292617798
26110643   0.00011820875806733966   0.9998817443847656
18179903   0.9999935626983643   6.462785222538514e-06
18179903   0.9999929666519165   6.996801857894752e-06
18179903   0.9999927282333374   7.2343118517892435e-06
18179903   0.9999898672103882   1.0110205039381981e-05
18179903   0.999992847442627   7.104815267666709e-06
21126715   0.9999934434890747   6.556674179591937e-06
21126715   0.9999935626983643   6.495508387160953e-06
21126715   0.9999927282333374   7.286588243005099e-06
21126715   0.9999935626983643   6.392305294866674e-06
21126715   0.9999935626983643   6.431022939068498e-06
28068934   0.9999935626983643   6.485382073151413e-06
28068934   0.9999935626983643   6.400430265784962e-06
28068934   0.9999935626983643   6.40045482214191e-06
16252083   0.0009107812657020986   0.999089241027832
16252083   0.06959595531225204   0.9304040670394897
16252083   0.9999932050704956   6.790854058635887e-06
16820346   0.9728959798812866   0.0271039716899395
16820346   0.9999752044677734   2.4756362108746544e-05
16820346   0.999993085861206   6.917740847711684e-06
16820346   0.9999935626983643   6.47677234155708e-06
16820346   0.0010980729712173343   0.9989019632339478
16820346   0.9999889135360718   1.1079464456997812e-05
16820346   0.9999922513961792   7.701747563260142e-06
16820346   0.9999935626983643   6.4829459915927146e-06
16820346   0.0010045436210930347   0.9989954829216003
16820346   0.9984050393104553   0.0015949346125125885
16820346   0.0062850043177604675   0.9937149882316589
16820346   0.9999914169311523   8.558890840504318e-06
16820346   0.9999934434890747   6.54169116387493e-06
16820346   0.9999926090240479   7.4253016464354005e-06
16820346   0.0007876934250816703   0.9992122650146484
16820346   0.02518841251730919   0.9748116135597229
17003923   0.9998565912246704   0.00014342759095598012
24671324   0.9999933242797852   6.704797669954132e-06
19484664   0.03741322457790375   0.9625868201255798
19484664   0.99982088804245   0.00017910667520482093
19484664   0.9948701858520508   0.0051297699101269245
19484664   0.9960407018661499   0.003959339577704668
19484664   0.9707602262496948   0.029239827767014503
19484664   0.017773214727640152   0.9822268486022949
19484664   0.99973064661026   0.00026930347667075694
26449539   0.9999884366989136   1.15896782517666e-05
26449539   0.00039135568658821285   0.9996086955070496
26449539   0.001863816985860467   0.9981361627578735
26449539   0.00038347652298398316   0.9996165037155151
26449539   0.0005823042010888457   0.9994176626205444
26449539   0.00022609933512285352   0.9997739195823669
26449539   0.00034678232623264194   0.9996532201766968
26449539   0.00012904587492812425   0.9998708963394165
26449539   0.999991774559021   8.169710781658068e-06
26449539   0.00015632645227015018   0.9998435974121094
28481876   4.077957783010788e-05   0.9999592304229736
28481876   0.0005376240005716681   0.9994624257087708
28481876   9.026830412039999e-06   0.9999909400939941
28481876   0.00014018465299159288   0.9998598098754883
28481876   0.00011137258843518794   0.9998886585235596
28481876   8.51276854518801e-05   0.9999148845672607
28481876   7.983911200426519e-05   0.999920129776001
28481876   0.9999933242797852   6.668449259450426e-06
28481876   0.999993085861206   6.8709014158230275e-06
28481876   0.9999932050704956   6.772963843104662e-06
28481876   0.0001298596034757793   0.9998701810836792
28481876   1.056514975061873e-05   0.99998939037323
28481876   1.3138304893800523e-05   0.9999868869781494
28481876   3.3063643058994785e-05   0.9999669790267944
28481876   0.0001533607573946938   0.9998465776443481
16731636   0.9999219179153442   7.812913827365264e-05
16731636   0.999765932559967   0.00023411617439705878
16731636   0.9999878406524658   1.2192675967526156e-05
16731636   0.9999935626983643   6.467124876508024e-06
16731636   0.9971440434455872   0.0028558997437357903
16731636   0.9999905824661255   9.474417311139405e-06
16731636   0.9997513890266418   0.00024857325479388237
16731636   0.9999631643295288   3.6888461181661114e-05
16731636   0.9999433755874634   5.664191849064082e-05
16731636   0.999993085861206   6.867141109978547e-06
16731636   0.9999933242797852   6.715938070556149e-06
16849419   0.9999934434890747   6.554955234605586e-06
16849419   0.9999936819076538   6.3681136452942155e-06
16849419   0.9999935626983643   6.386559107340872e-06
16849419   0.9999935626983643   6.427675543818623e-06
16849419   0.9999936819076538   6.369364655256504e-06
19789368   0.002727727172896266   0.9972723126411438
19789368   2.111489993694704e-05   0.9999788999557495
19789368   0.9999933242797852   6.629914423683658e-06
19789368   1.347111083305208e-05   0.9999865293502808
19789368   2.039311220869422e-05   0.9999796152114868
19789368   1.4718643797095865e-05   0.9999853372573853
19789368   3.679201836348511e-05   0.9999631643295288
19789368   0.005923844873905182   0.994076132774353
19789368   0.9980753660202026   0.0019246047595515847
19789368   0.0007704657618887722   0.9992295503616333
19789368   0.015378547832369804   0.9846214056015015
19789368   7.322320016101003e-05   0.9999268054962158
19789368   0.00020236567070242018   0.9997976422309875
19789368   7.536217890447006e-05   0.9999246597290039
19789368   0.0014587247278541327   0.9985412359237671
19789368   0.9986072182655334   0.001392854261212051
19789368   0.9999935626983643   6.455676157202106e-06
19789368   0.999854326248169   0.00014570758503396064
19789368   0.9976425766944885   0.0023573762737214565
19789368   0.9921417236328125   0.007858218625187874
19789368   0.001247827778570354   0.9987521171569824
19789368   0.0005597624112851918   0.9994402527809143
19789368   0.9948286414146423   0.005171355325728655
19789368   0.00017553924408275634   0.9998244643211365
19789368   0.0001756784040480852   0.9998243451118469
19789368   0.00016999377112369984   0.9998300075531006
19789368   3.0351575333043e-05   0.9999696016311646
19789368   5.455487553263083e-05   0.9999454021453857
19789368   0.9999911785125732   8.774249181442428e-06
19789368   0.9999934434890747   6.605258022318594e-06
24442316   0.9999464750289917   5.348520789993927e-05
24442316   0.00014937222294975072   0.9998506307601929
24442316   0.0001974610349861905   0.9998025298118591
24442316   0.9999889135360718   1.104450348066166e-05
24442316   0.9976577758789062   0.002342164982110262
24442316   0.9999856948852539   1.4270784959080629e-05
24442316   0.9971516728401184   0.0028483285568654537
24442316   0.9967664480209351   0.0032335093710571527
24442316   0.9852792024612427   0.014720852486789227
24442316   4.244840602041222e-05   0.9999575614929199
24442316   0.00019087613327428699   0.999809205532074
24442316   0.0001733903045533225   0.9998266100883484
24442316   0.0007081563817337155   0.9992917776107788
24442316   0.999993085861206   6.9243283178366255e-06
24442316   0.9952783584594727   0.004721614997833967
24442316   0.978128969669342   0.02187100239098072
24442316   0.9991639852523804   0.0008360193460248411
24442316   0.0014749040128663182   0.998525083065033
24442316   0.0051933336071670055   0.994806706905365
24442316   0.048495814204216   0.9515041708946228
24442316   0.0009049808140844107   0.99909508228302
24442316   1.558706208015792e-05   0.9999843835830688
24442316   0.9980970025062561   0.0019029766554012895
24442316   0.999980092048645   1.9914485164918005e-05
24442316   0.9998282194137573   0.0001717553532216698
24442316   0.0006016540573909879   0.9993983507156372
24442316   0.9978601336479187   0.0021398132666945457
24442316   0.9999918937683105   8.146262189256959e-06
28684635   0.01816435717046261   0.9818356037139893
28684635   0.03705610707402229   0.9629439115524292
21750150   0.9999629259109497   3.708952499437146e-05
21750150   0.999565064907074   0.00043493389966897666
21750150   0.9999655485153198   3.445008405833505e-05
21750150   0.9999430179595947   5.701160625903867e-05
21750150   0.9979175925254822   0.002082409802824259
21750150   0.9989932179450989   0.001006722217425704
21750150   0.33338314294815063   0.6666168570518494
21750150   5.749419506173581e-05   0.9999425411224365
21750150   4.4331984099699184e-05   0.9999556541442871
21750150   0.0019736087415367365   0.9980263113975525
21750150   0.997054934501648   0.0029450831934809685
21750150   0.0009770566830411553   0.9990229606628418
21750150   0.02837262861430645   0.9716273546218872
16629641   0.9999932050704956   6.740519438608317e-06
17166870   0.9999935626983643   6.450494311138755e-06
17166870   1.2717241588688921e-05   0.9999872446060181
17166870   0.00012104373308829963   0.9998788833618164
17166870   0.9999935626983643   6.454962203861214e-06
17166870   0.9999934434890747   6.607078375964193e-06
17166870   0.9999936819076538   6.374189069902059e-06
17166870   0.9999936819076538   6.365575245581567e-06
17166870   0.9999936819076538   6.372122697939631e-06
17166870   0.9999936819076538   6.369280072249239e-06
17166870   0.9999936819076538   6.373976248141844e-06
17166870   0.9999936819076538   6.377107638400048e-06
17166870   0.9999936819076538   6.370530627464177e-06
17166870   0.9999935626983643   6.4134019339689985e-06
17166870   0.9999935626983643   6.387344910763204e-06
17166870   0.9999936819076538   6.377058980433503e-06
17166870   0.9872588515281677   0.01274119969457388
17166870   0.9999936819076538   6.374943495757179e-06
18507837   0.00023802259238436818   0.9997619986534119
18507837   0.0005624300101771951   0.9994375109672546
18507837   0.00018774461932480335   0.9998123049736023
18507837   0.00028266399749554694   0.9997172951698303
18507837   9.423490701010451e-05   0.9999057054519653
18507837   0.0002173495158785954   0.9997826218605042
18507837   0.00031472588307224214   0.9996852874755859
18507837   0.0006910997908562422   0.9993089437484741
18507837   0.00041913436143659055   0.9995809197425842
18507837   0.00016135860641952604   0.9998385906219482
18507837   0.00028161436785012484   0.9997183680534363
18507837   0.0002700617187656462   0.9997299313545227
26615423   0.9999934434890747   6.563869192177663e-06
26615423   0.9999935626983643   6.460455551859923e-06
26615423   0.9999935626983643   6.429440873034764e-06
26615423   0.12518419325351715   0.874815821647644
26615423   0.011350986547768116   0.9886490106582642
26615423   0.9999935626983643   6.392317573045148e-06
26615423   0.9999935626983643   6.4155128711718135e-06
26615423   0.9999935626983643   6.457265044446103e-06
27384305   0.9999891519546509   1.0856905646505766e-05
27384305   0.9999935626983643   6.451373792515369e-06
27384305   0.9999932050704956   6.8262538661656436e-06
27384305   0.9999310970306396   6.889295764267445e-05
27384305   0.9999911785125732   8.763286132307258e-06
27384305   0.9995571970939636   0.0004428445245139301
27384305   0.9999935626983643   6.42322629573755e-06
27384305   0.9834679365158081   0.016531990841031075
27384305   0.9999935626983643   6.380100330716232e-06
15000256   0.9999934434890747   6.510838829854038e-06
15000256   0.9999878406524658   1.2197269825264812e-05
15000256   0.999990701675415   9.285966370953247e-06
15000256   0.9999886751174927   1.1383034689060878e-05
15811908   0.9999709129333496   2.9088683731970377e-05
17935240   0.9997349381446838   0.00026501063257455826
17935240   0.9999920129776001   8.03325656306697e-06
17935240   0.9999934434890747   6.536259661515942e-06
17935240   0.9999933242797852   6.705481155222515e-06
17935240   0.9999845027923584   1.5549621821264736e-05
17935240   0.9991797804832458   0.0008201485616154969
17935240   0.9999914169311523   8.637460268801078e-06
17935240   0.9999935626983643   6.465164005931001e-06
