15314655   0.002217202913016081   0.9977827668190002
15314655   0.00025699957041069865   0.9997430443763733
15314655   0.004093647468835115   0.9959063529968262
15314655   1.0984421351167839e-05   0.9999890327453613
15314655   9.722578397486359e-06   0.9999902248382568
15314655   7.49689424992539e-05   0.9999250173568726
15314655   7.563042163383216e-05   0.9999244213104248
15314655   8.90968476596754e-06   0.9999910593032837
15314655   0.007591116242110729   0.9924088716506958
15314655   1.4804176316829398e-05   0.9999852180480957
15314655   4.541402086033486e-05   0.9999545812606812
15314655   9.87758903647773e-06   0.9999901056289673
15314655   3.371200727997348e-05   0.9999662637710571
15314655   1.4943497262720484e-05   0.9999850988388062
12546709   2.1762840333394706e-05   0.9999781847000122
12546709   4.053264274261892e-05   0.9999594688415527
12546709   1.738539504003711e-05   0.9999825954437256
12546709   2.260477776871994e-05   0.9999773502349854
12546709   1.111563960876083e-05   0.9999889135360718
12546709   8.848355719237588e-06   0.9999911785125732
12546709   1.4414924407901708e-05   0.9999855756759644
12546709   1.1144637028337456e-05   0.9999889135360718
12546709   1.4982637367211282e-05   0.9999849796295166
12546709   0.0005803356179967523   0.9994196891784668
12546709   8.941487067204434e-06   0.9999910593032837
16110338   1.0333035788789857e-05   0.9999896287918091
16110338   1.2014710591756739e-05   0.9999879598617554
16110338   1.07205196400173e-05   0.9999892711639404
16110338   2.5160648874589242e-05   0.9999748468399048
16110338   1.6099536878755316e-05   0.9999839067459106
16110338   1.051938579621492e-05   0.9999895095825195
16110338   0.0005616549169644713   0.9994383454322815
16110338   1.309717208641814e-05   0.9999868869781494
16110338   1.0405253306089435e-05   0.9999896287918091
16110338   1.0492543879081495e-05   0.9999895095825195
16110338   9.018268428917509e-06   0.9999909400939941
16110338   1.2847050129494164e-05   0.9999871253967285
16110338   9.75655439106049e-06   0.9999902248382568
16110338   8.92055959411664e-06   0.9999910593032837
16110338   9.028027307067532e-06   0.9999909400939941
16110338   9.521742867946159e-06   0.9999904632568359
16110338   1.0017762178904377e-05   0.9999899864196777
16110338   1.0856264452741016e-05   0.9999891519546509
16110338   3.120417386526242e-05   0.9999687671661377
16110338   1.2563546988531016e-05   0.9999874830245972
16110338   1.3555546502175275e-05   0.9999864101409912
16110338   1.4500905308523215e-05   0.9999854564666748
16110338   9.943283657776192e-06   0.9999901056289673
16110338   1.1721652299456764e-05   0.999988317489624
16110338   8.967720532382373e-06   0.9999910593032837
16110338   8.985030945041217e-06   0.9999910593032837
16110338   0.00013095908798277378   0.9998689889907837
16110338   2.4927834601840004e-05   0.9999750852584839
16110338   9.289801710110623e-06   0.999990701675415
16110338   1.0221726370218676e-05   0.9999897480010986
16539743   1.7017931895679794e-05   0.9999829530715942
16539743   9.357573617307935e-06   0.999990701675415
16539743   9.614596820028964e-06   0.9999903440475464
16539743   5.6228000175906345e-05   0.999943733215332
16539743   0.9999905824661255   9.361973752675112e-06
16539743   9.482170753472019e-06   0.9999904632568359
16539743   1.713374695100356e-05   0.9999828338623047
16539743   2.7226893507759087e-05   0.9999728202819824
15005800   1.842351775849238e-05   0.9999815225601196
15005800   0.9729598760604858   0.02704010158777237
15005800   9.24650885281153e-06   0.999990701675415
15005800   1.4449043192144018e-05   0.9999855756759644
15005800   2.8141445000073873e-05   0.999971866607666
15005800   1.0966020454361569e-05   0.9999890327453613
15005800   1.136312130256556e-05   0.9999886751174927
15005800   0.0018224058439955115   0.9981776475906372
15005800   6.603683868888766e-05   0.9999339580535889
15005800   9.5193017841666e-06   0.9999904632568359
15005800   2.1574547645286657e-05   0.9999784231185913
15005800   1.2119408893340733e-05   0.9999878406524658
15005800   1.9331784642417915e-05   0.9999806880950928
15005800   1.547287502035033e-05   0.9999845027923584
15005800   1.9666716980282217e-05   0.9999803304672241
15005800   1.0546968951530289e-05   0.9999895095825195
15630473   6.568619573954493e-05   0.9999343156814575
15630473   9.036761184688658e-06   0.9999909400939941
15630473   1.0257739631924778e-05   0.9999897480010986
15630473   1.1107013961009216e-05   0.9999889135360718
15630473   0.00032947419094853103   0.9996705055236816
15630473   2.5158920834655873e-05   0.9999748468399048
15630473   4.315370097174309e-05   0.9999568462371826
15630473   0.00022577126219403   0.9997742772102356
15630473   9.252084055333398e-06   0.999990701675415
15630473   0.00012017909466521814   0.9998798370361328
15630473   1.0487212421139702e-05   0.9999895095825195
15630473   6.896263221278787e-05   0.9999309778213501
15630473   9.189964657707606e-06   0.9999908208847046
15630473   0.00016518351912964135   0.9998347759246826
15630473   8.952783900895156e-06   0.9999910593032837
15630473   1.4356098290591035e-05   0.9999856948852539
15630473   5.956288441666402e-05   0.9999403953552246
15630473   0.00047137748333625495   0.9995286464691162
15630473   1.1666469617921393e-05   0.999988317489624
15630473   3.944356649299152e-05   0.9999605417251587
15630473   0.060718875378370285   0.9392811059951782
15630473   0.9976733326911926   0.0023266153875738382
15630473   1.719890315143857e-05   0.9999828338623047
15630473   1.9813893231912516e-05   0.9999802112579346
15630473   0.9980521202087402   0.001947907148860395
15630473   9.01914609130472e-06   0.9999909400939941
15630473   3.1539093470200896e-05   0.999968409538269
15630473   1.8723905668593943e-05   0.9999812841415405
15630473   9.532183867122512e-06   0.9999904632568359
15630473   1.026354220812209e-05   0.9999897480010986
15630473   9.94112269836478e-06   0.9999901056289673
15630473   8.449596498394385e-05   0.9999154806137085
15630473   9.506381502433214e-06   0.9999904632568359
15630473   9.019989192893263e-06   0.9999909400939941
15630473   1.1158365850860719e-05   0.9999887943267822
15630473   3.459407889749855e-05   0.9999654293060303
15630473   1.1458753760962281e-05   0.9999885559082031
15630473   1.2712112948065624e-05   0.9999872446060181
15917436   0.00010014200233854353   0.9998998641967773
15917436   9.183718248095829e-06   0.9999908208847046
15917436   9.637814400775824e-06   0.9999903440475464
15917436   1.0686547284421977e-05   0.9999892711639404
15917436   0.000524754635989666   0.9994753003120422
15917436   8.832016646920238e-06   0.9999911785125732
15917436   8.816877198114526e-06   0.9999911785125732
15917436   8.844684998621233e-06   0.9999911785125732
15917436   9.170003977487795e-06   0.9999908208847046
15917436   9.023628990689758e-06   0.9999909400939941
15917436   2.9957327569718473e-05   0.9999700784683228
15917436   1.33584171635448e-05   0.9999866485595703
15917436   3.237514465581626e-05   0.9999675750732422
15917436   2.0675135601777583e-05   0.9999793767929077
15917436   9.16110639082035e-06   0.9999908208847046
15917436   1.123198035202222e-05   0.9999887943267822
15917436   9.517394573776983e-06   0.9999904632568359
15917436   9.099225280806422e-06   0.9999909400939941
15917436   2.186356869060546e-05   0.9999781847000122
15917436   2.7513273380463943e-05   0.9999724626541138
15917436   9.030041837831959e-06   0.9999909400939941
15917436   8.921401786210481e-06   0.9999910593032837
15917436   2.597491220512893e-05   0.9999740123748779
15917436   8.7032160081435e-05   0.9999129772186279
15917436   4.9516529543325305e-05   0.9999505281448364
15917436   9.453099664824549e-06   0.9999905824661255
15917436   1.0817651855177246e-05   0.9999891519546509
15917436   1.0015259249485098e-05   0.9999899864196777
15917436   1.4168645066092722e-05   0.9999858140945435
15917436   9.26248321775347e-06   0.999990701675415
15917436   1.1607120541157201e-05   0.9999884366989136
15917436   9.444078386877663e-06   0.9999905824661255
15917436   1.6598531146883033e-05   0.9999834299087524
15917436   1.5948144209687598e-05   0.9999840259552002
12079497   0.00011363330122549087   0.9998863935470581
12079497   0.0009387527243234217   0.9990612864494324
12079497   2.0988300093449652e-05   0.9999790191650391
12079497   1.3432253581413534e-05   0.9999865293502808
12079497   2.688209860934876e-05   0.9999730587005615
12079497   1.0301178917870857e-05   0.9999897480010986
12079497   2.2277603420661762e-05   0.999977707862854
12079497   1.2780561519321054e-05   0.9999872446060181
11597317   0.00231368700042367   0.9976862668991089
11597317   0.9957159161567688   0.004284115973860025
11597317   9.276627679355443e-06   0.999990701675415
11597317   0.0014992037322372198   0.9985008239746094
11597317   3.4009925002465025e-05   0.999966025352478
11597317   8.668164082337171e-05   0.9999133348464966
17083276   4.160352182225324e-05   0.9999583959579468
17083276   9.599653822078835e-06   0.9999903440475464
17083276   3.176914469804615e-05   0.9999681711196899
17083276   5.4687752708559856e-05   0.9999452829360962
17083276   8.96994515642291e-06   0.9999910593032837
17083276   0.0001037001347867772   0.9998962879180908
17083276   1.4510284017887898e-05   0.9999854564666748
17083276   1.9320892533869483e-05   0.9999806880950928
17083276   9.129656064033043e-06   0.9999908208847046
17083276   0.00023415165196638554   0.9997658133506775
17083276   0.00016396737191826105   0.9998359680175781
17083276   1.2652401892410126e-05   0.9999873638153076
17083276   8.728632383281365e-05   0.9999127388000488
17083276   0.00018276437185704708   0.9998173117637634
17083276   2.838055297615938e-05   0.9999716281890869
17083276   1.0970958101097494e-05   0.9999890327453613
17083276   9.913259418681264e-06   0.9999901056289673
16121255   0.00022384131443686783   0.9997761845588684
16121255   1.2422769941622391e-05   0.9999876022338867
16121255   0.011352977715432644   0.9886470437049866
16121255   1.0353138350183144e-05   0.9999896287918091
16121255   0.012326576747000217   0.9876734614372253
16121255   9.029164175444748e-06   0.9999909400939941
16121255   1.240692836290691e-05   0.9999876022338867
16121255   0.00011828318383777514   0.9998817443847656
16121255   9.206158210872672e-06   0.9999908208847046
16121255   8.91134186531417e-06   0.9999910593032837
16121255   9.26470966078341e-06   0.999990701675415
16121255   1.7644761101109907e-05   0.9999823570251465
16121255   8.869417797541246e-06   0.9999911785125732
16121255   0.0004683564475271851   0.999531626701355
16121255   8.915108082874212e-06   0.9999910593032837
16121255   9.115354259847663e-06   0.9999909400939941
16121255   1.0725702850322705e-05   0.9999892711639404
16121255   2.0496994693530723e-05   0.9999794960021973
16121255   9.760929060576018e-06   0.9999902248382568
16121255   1.0143563486053608e-05   0.9999898672103882
16121255   0.000401010038331151   0.999599039554596
16121255   9.322213372797705e-06   0.999990701675415
16121255   0.005934308283030987   0.9940656423568726
16121255   9.096977919398341e-06   0.9999909400939941
16121255   8.920789696276188e-06   0.9999910593032837
16121255   0.00013516303442884237   0.9998648166656494
16121255   8.924958819989115e-06   0.9999910593032837
16121255   8.928806892072316e-06   0.9999910593032837
16121255   1.863434044935275e-05   0.9999814033508301
16121255   9.156285159406252e-06   0.9999908208847046
16121255   0.0009160200715996325   0.9990839958190918
16121255   9.39995970838936e-06   0.9999905824661255
17078885   0.015117929317057133   0.9848820567131042
17078885   1.5884563254076056e-05   0.9999841451644897
17078885   9.901052180794068e-06   0.9999901056289673
17078885   7.876469317125157e-05   0.9999212026596069
17078885   0.0003141311462968588   0.9996858835220337
17078885   1.6884017895790748e-05   0.9999830722808838
17078885   3.2106214348459616e-05   0.9999679327011108
17078885   9.842514373303857e-06   0.9999901056289673
17078885   2.292696080985479e-05   0.9999771118164062
17078885   1.4354113773151767e-05   0.9999856948852539
17078885   0.00011863176769111305   0.999881386756897
17078885   3.42989296768792e-05   0.9999656677246094
15760270   0.0002780559007078409   0.9997219443321228
15760270   2.715211121540051e-05   0.9999728202819824
15760270   9.42744009080343e-06   0.9999905824661255
15760270   1.444110876036575e-05   0.9999855756759644
15760270   4.9760405090637505e-05   0.9999502897262573
15760270   1.0336781087971758e-05   0.9999896287918091
15760270   0.000163265474839136   0.9998366832733154
15760270   0.00017384008970111609   0.9998261332511902
15760270   1.3203532034822274e-05   0.9999867677688599
15760270   1.235720355907688e-05   0.9999876022338867
15760270   1.0180857316299807e-05   0.9999898672103882
15760270   9.925529411702882e-06   0.9999901056289673
15760270   0.00013001100160181522   0.9998699426651001
15760270   0.00016923104703892022   0.9998307228088379
16109169   1.995022284972947e-05   0.999980092048645
16109169   0.01199117861688137   0.9880088567733765
16109169   1.1669764717225917e-05   0.999988317489624
16109169   1.2697633792413399e-05   0.9999872446060181
16109169   2.9234157409518957e-05   0.9999707937240601
16109169   1.6559919458813965e-05   0.9999834299087524
16109169   0.00048377830535173416   0.9995162487030029
17608565   1.415119731973391e-05   0.9999858140945435
17608565   1.730772783048451e-05   0.9999827146530151
17608565   1.4441287021327298e-05   0.9999855756759644
17608565   9.411451173946261e-06   0.9999905824661255
17608565   9.272938768845052e-06   0.999990701675415
17608565   2.360399957979098e-05   0.999976396560669
17608565   1.6095806131488644e-05   0.9999839067459106
17608565   0.0002415554627077654   0.9997584223747253
17608565   0.00013268213660921901   0.99986732006073
17608565   2.7624222639133222e-05   0.9999723434448242
17608565   3.104537972831167e-05   0.9999690055847168
17608565   2.5200439267791808e-05   0.9999748468399048
17608565   4.038984116050415e-05   0.9999595880508423
17608565   1.012792290566722e-05   0.9999898672103882
17608565   5.217548459768295e-05   0.9999477863311768
17608565   2.008334922720678e-05   0.9999799728393555
17608565   1.467645324737532e-05   0.9999853372573853
17608565   1.3324332030606456e-05   0.9999866485595703
17608565   1.0692919204302598e-05   0.9999892711639404
17608565   9.311852409155108e-06   0.999990701675415
17608565   9.044866601470858e-06   0.9999909400939941
17608565   1.8317090507480316e-05   0.9999816417694092
17608565   4.892670040135272e-05   0.9999511241912842
17608565   9.842045074037742e-06   0.9999901056289673
17608565   0.00011136662942590192   0.9998886585235596
17608565   9.158119610219728e-06   0.9999908208847046
17608565   2.7092857635580003e-05   0.999972939491272
17608565   2.0081741240574047e-05   0.9999799728393555
17608565   1.9435281501500867e-05   0.9999805688858032
17608565   4.061680010636337e-05   0.9999593496322632
17608565   0.0002931650960817933   0.9997068047523499
17608565   1.3135648259776644e-05   0.9999868869781494
17608565   2.9917986466898583e-05   0.9999700784683228
17608565   8.861723472364247e-06   0.9999911785125732
17608565   2.2707321477355435e-05   0.9999773502349854
17608565   9.345106263936032e-06   0.999990701675415
17608565   1.303166300203884e-05   0.999987006187439
17608565   0.0010933845769613981   0.9989066123962402
17608565   5.2525545470416546e-05   0.9999474287033081
17608565   9.579325705999509e-06   0.9999904632568359
17608565   4.59735601907596e-05   0.9999539852142334
17608565   1.1229999472561758e-05   0.9999887943267822
17608565   6.49919020361267e-05   0.9999350309371948
17608565   2.769512684608344e-05   0.9999723434448242
17608565   1.132313900598092e-05   0.9999886751174927
17608565   4.3742882553488016e-05   0.9999562501907349
16504174   1.263494232262019e-05   0.9999873638153076
16504174   5.8224712120136246e-05   0.9999418258666992
16504174   2.913821481342893e-05   0.9999709129333496
16504174   2.9618211556226015e-05   0.9999704360961914
16504174   2.8393817046890035e-05   0.9999716281890869
16504174   2.2387199351214804e-05   0.9999775886535645
16504174   3.3841304684756324e-05   0.9999661445617676
16504174   1.3500162822310813e-05   0.9999865293502808
16504174   3.5605688026407734e-05   0.9999643564224243
16504174   1.5990848623914644e-05   0.9999840259552002
16504174   1.5078288924996741e-05   0.9999849796295166
16504174   3.515318167046644e-05   0.9999648332595825
16504174   9.027459782373626e-06   0.9999909400939941
16504174   0.000172098953044042   0.9998278617858887
16504174   1.0341997949581128e-05   0.9999896287918091
16504174   2.0339271941338666e-05   0.9999796152114868
12585968   1.6930163837969303e-05   0.9999830722808838
12585968   1.2670321666519158e-05   0.9999873638153076
12585968   1.2484407307056244e-05   0.9999874830245972
12585968   1.0458965334692039e-05   0.9999895095825195
12585968   9.57906013354659e-06   0.9999904632568359
12585968   1.1236727004870772e-05   0.9999887943267822
12585968   9.52192276599817e-05   0.9999047517776489
12585968   1.1182644811924547e-05   0.9999887943267822
12585968   1.2436116776370909e-05   0.9999876022338867
12585968   2.0792527720914222e-05   0.9999792575836182
12585968   0.00032979599200189114   0.9996702671051025
12585968   1.9818355212919414e-05   0.9999802112579346
12585968   1.4705356988997664e-05   0.9999853372573853
12585968   1.0426530934637412e-05   0.9999896287918091
15836427   1.0275569366058335e-05   0.9999897480010986
15836427   1.237649757968029e-05   0.9999876022338867
15836427   1.1483213711471763e-05   0.9999885559082031
15836427   4.370084934635088e-05   0.9999562501907349
15836427   1.311812229687348e-05   0.9999868869781494
15836427   2.424838748993352e-05   0.9999758005142212
15836427   1.2482621968956664e-05   0.9999874830245972
15836427   1.1330527740938123e-05   0.9999886751174927
15836427   1.0879105502681341e-05   0.9999891519546509
15836427   1.1948483006563038e-05   0.9999880790710449
15836427   1.1562321560631972e-05   0.9999884366989136
15836427   4.88196819787845e-05   0.9999511241912842
15836427   9.382352800457738e-06   0.9999905824661255
15836427   1.1704339158313815e-05   0.999988317489624
17002498   1.0751008630904835e-05   0.9999892711639404
17002498   1.5153623280639295e-05   0.999984860420227
17002498   0.0006071481620892882   0.9993928670883179
17002498   1.8822318452293985e-05   0.999981164932251
17002498   4.407585220178589e-05   0.9999558925628662
17002498   0.00020631680672522634   0.9997937083244324
17002498   2.7626067094388418e-05   0.9999723434448242
17002498   1.1146187716803979e-05   0.9999887943267822
17002498   1.940235415531788e-05   0.9999805688858032
17002498   1.1082697710662615e-05   0.9999889135360718
16870721   1.1738455214072019e-05   0.999988317489624
16870721   0.00041601117118261755   0.9995840191841125
16870721   3.944003037759103e-05   0.9999605417251587
16870721   3.698483487823978e-05   0.9999630451202393
16870721   1.375907777401153e-05   0.9999862909317017
16870721   0.00022481344058178365   0.999775230884552
16870721   0.0002696611045394093   0.9997302889823914
16870721   4.971515227225609e-05   0.9999502897262573
15921521   1.071146471076645e-05   0.9999892711639404
15921521   9.229365787177812e-06   0.9999908208847046
15921521   6.494543777080253e-05   0.9999350309371948
15921521   1.0827870937646367e-05   0.9999891519546509
15921521   1.0504549209144898e-05   0.9999895095825195
15921521   9.49116383708315e-06   0.9999904632568359
15921521   1.150355728896102e-05   0.9999885559082031
15921521   1.0789236512209754e-05   0.9999891519546509
15921521   1.0218665011052508e-05   0.9999897480010986
15921521   1.0403715350548737e-05   0.9999896287918091
15921521   1.2069697731931228e-05   0.9999879598617554
15921521   1.0677399586711545e-05   0.9999892711639404
15921521   1.0385029781900812e-05   0.9999896287918091
15921521   1.6253448848146945e-05   0.9999837875366211
15921521   1.3648542335431557e-05   0.9999864101409912
15921521   0.0001436145103070885   0.9998563528060913
16700629   7.194905629148707e-05   0.9999279975891113
16700629   1.2471044101403095e-05   0.9999874830245972
16700629   2.277159546792973e-05   0.9999772310256958
16700629   1.845043880166486e-05   0.9999815225601196
16700629   9.310342647950165e-06   0.999990701675415
16700629   1.0250298146274872e-05   0.9999897480010986
16700629   2.1960109734209254e-05   0.9999780654907227
16700629   1.276062448596349e-05   0.9999872446060181
16700629   4.6938148443587124e-05   0.999953031539917
16700629   2.8328930056886747e-05   0.9999716281890869
16700629   1.2142084415245336e-05   0.9999878406524658
16700629   1.611065454198979e-05   0.9999839067459106
16700629   0.00011497798550408334   0.9998849630355835
16700629   1.2051639714627527e-05   0.9999879598617554
16700629   1.4969456060498487e-05   0.9999849796295166
16700629   1.7025786291924305e-05   0.9999829530715942
16700629   1.1345969141984824e-05   0.9999886751174927
16700629   1.1983378499280661e-05   0.9999879598617554
16700629   1.5885212633293122e-05   0.9999841451644897
16700629   1.3022369785176124e-05   0.999987006187439
14611657   3.290008316980675e-05   0.999967098236084
14611657   1.064557636709651e-05   0.99998939037323
14611657   1.0505621503398288e-05   0.9999895095825195
14611657   1.7247750292881392e-05   0.9999827146530151
14611657   2.8628544896491803e-05   0.9999713897705078
14611657   4.002847708761692e-05   0.9999599456787109
14611657   2.518412657082081e-05   0.9999748468399048
14611657   4.4308228098088875e-05   0.9999556541442871
14611657   9.290953130403068e-06   0.999990701675415
14611657   9.100171155296266e-06   0.9999909400939941
14611657   8.969910595624242e-06   0.9999910593032837
15207008   8.96577967068879e-06   0.9999910593032837
15207008   1.3849120477971155e-05   0.9999861717224121
15207008   9.104042874241713e-06   0.9999909400939941
17020410   0.00010804420162457973   0.999891996383667
17020410   0.0010882314527407289   0.9989117383956909
17020410   1.7356254829792306e-05   0.9999825954437256
17020410   1.8315937268198468e-05   0.9999816417694092
17020410   0.002141407458111644   0.9978585839271545
17020410   0.0003377774846740067   0.9996622800827026
17020410   0.0002980098652187735   0.9997019171714783
17020410   0.9895864129066467   0.010413669981062412
17020410   0.000993788824416697   0.9990062117576599
17020410   9.923002835421357e-06   0.9999901056289673
17020410   0.9759223461151123   0.02407767064869404
17020410   0.0004519626381807029   0.9995480179786682
16279840   0.00010365208436269313   0.9998962879180908
16504143   4.541397720458917e-05   0.9999545812606812
16504143   9.008365850604605e-06   0.9999909400939941
16504143   1.141512348112883e-05   0.9999885559082031
16504143   5.9373363910708576e-05   0.9999406337738037
16504143   9.0243684098823e-06   0.9999909400939941
16504143   2.07141310966108e-05   0.9999792575836182
16504143   1.0530879080761224e-05   0.9999895095825195
16504143   1.2310272722970694e-05   0.9999877214431763
16504143   0.00022726254246663302   0.9997727274894714
16504143   1.012973916658666e-05   0.9999898672103882
17069463   1.1419185284466948e-05   0.9999885559082031
17069463   1.1379669558664318e-05   0.9999886751174927
17069463   1.012571192404721e-05   0.9999898672103882
17069463   8.856249223754276e-06   0.9999911785125732
17069463   8.997481927508488e-06   0.9999910593032837
17069463   1.8923054085462354e-05   0.9999810457229614
17069463   9.181695531879086e-06   0.9999908208847046
17069463   3.766387817449868e-05   0.999962329864502
17069463   9.654023415350821e-06   0.9999903440475464
17069463   9.053064786712639e-06   0.9999909400939941
17069463   2.1619016479235142e-05   0.9999784231185913
17069463   9.358162060379982e-06   0.9999905824661255
17069463   9.98685572994873e-06   0.9999899864196777
17069463   1.4527564417221583e-05   0.9999854564666748
17069463   0.00011457708751549944   0.9998854398727417
17069463   1.8392780475551262e-05   0.9999816417694092
17069463   8.983043699117843e-06   0.9999910593032837
15061865   1.1659218216664158e-05   0.999988317489624
16121256   2.8914168069604784e-05   0.9999710321426392
16121256   1.019527371681761e-05   0.9999897480010986
16121256   9.202646651829127e-06   0.9999908208847046
16121256   1.9068775145569816e-05   0.9999809265136719
16121256   1.9244705981691368e-05   0.9999808073043823
16121256   1.1666637874441221e-05   0.999988317489624
16216087   9.054705515154637e-06   0.9999909400939941
16098226   9.266600500268396e-06   0.999990701675415
16098226   2.530273559386842e-05   0.9999747276306152
16098226   1.2553031410789117e-05   0.9999874830245972
16098226   8.990413334686309e-06   0.9999910593032837
16098226   9.685717486718204e-06   0.9999903440475464
16098226   9.038658390636556e-06   0.9999909400939941
16098226   9.474588296143338e-06   0.9999905824661255
16098226   8.996383257908747e-06   0.9999910593032837
16098226   9.154626241070218e-06   0.9999908208847046
16098226   9.613231668481603e-06   0.9999903440475464
16579849   1.39377880259417e-05   0.9999860525131226
16579849   0.0001353829720756039   0.9998645782470703
16579849   3.325206853332929e-05   0.9999667406082153
16579849   1.6428528397227637e-05   0.999983549118042
16579849   2.3039488951326348e-05   0.9999769926071167
16579849   0.00016386888455599546   0.9998360872268677
15938754   1.9485594748402946e-05   0.9999805688858032
12925238   9.78648768068524e-06   0.9999902248382568
12925238   1.3783201211481355e-05   0.9999861717224121
12925238   1.0620306056807749e-05   0.99998939037323
12925238   9.597685675544199e-06   0.9999903440475464
12925238   1.8076678315992467e-05   0.9999818801879883
12925238   1.764454282238148e-05   0.9999823570251465
12925238   1.1082360288128257e-05   0.9999889135360718
12925238   9.690661499917042e-06   0.9999903440475464
12925238   9.17358192964457e-06   0.9999908208847046
12925238   9.536006837151945e-05   0.9999046325683594
12925238   9.692806088423822e-06   0.9999903440475464
12925238   8.881792382453568e-06   0.9999910593032837
12925238   8.897289262677077e-06   0.9999910593032837
12925238   8.830964361550286e-06   0.9999911785125732
12925238   8.865561540005729e-06   0.9999911785125732
12925238   9.036658411787357e-06   0.9999909400939941
12925238   8.976817298389506e-06   0.9999910593032837
12925238   1.7699516320135444e-05   0.9999823570251465
12925238   1.3188441698730458e-05   0.9999867677688599
12925238   1.072490522346925e-05   0.9999892711639404
12925238   9.214722012984566e-06   0.9999908208847046
12925238   9.830037924984936e-06   0.9999902248382568
12925238   1.0398557606094982e-05   0.9999896287918091
15320950   8.852735845721327e-06   0.9999911785125732
15320950   1.371074358758051e-05   0.9999862909317017
15320950   2.1966936401440762e-05   0.9999780654907227
15320950   1.0544274118728936e-05   0.9999895095825195
15320950   9.534965101920534e-06   0.9999904632568359
15320950   8.836524102662224e-06   0.9999911785125732
15320950   8.938553037296515e-06   0.9999910593032837
15320950   1.2579082977026701e-05   0.9999873638153076
15345036   1.0556770575931296e-05   0.99998939037323
15345036   1.0467767424415797e-05   0.9999895095825195
15345036   9.249842150893528e-06   0.999990701675415
15345036   1.0996956916642375e-05   0.9999890327453613
15345036   9.166541531158146e-06   0.9999908208847046
15345036   8.93715514393989e-06   0.9999910593032837
15345036   7.93159706518054e-05   0.9999207258224487
15345036   5.2683160902233794e-05   0.9999473094940186
15345036   1.0918622137978673e-05   0.9999890327453613
15345036   1.3781189409201033e-05   0.9999861717224121
15345036   1.0459863005962688e-05   0.9999895095825195
15345036   1.2916028936160728e-05   0.9999871253967285
15345036   9.573280294716824e-06   0.9999904632568359
15345036   1.0798171388159972e-05   0.9999891519546509
15345036   2.05374581128126e-05   0.9999794960021973
15345036   1.555783637741115e-05   0.9999843835830688
15345036   1.5681171134929173e-05   0.9999842643737793
15345036   1.3201592082623392e-05   0.9999867677688599
15345036   1.2152024282841012e-05   0.9999878406524658
15345036   1.1318863471387886e-05   0.9999886751174927
15345036   1.2168711691629142e-05   0.9999878406524658
15345036   1.8045400793198496e-05   0.9999819993972778
15345036   9.346282240585424e-06   0.999990701675415
15345036   1.040054121403955e-05   0.9999896287918091
15345036   9.625009624869563e-06   0.9999903440475464
15345036   1.5020335013105068e-05   0.9999849796295166
15345036   3.568832835298963e-05   0.9999643564224243
15345036   1.1972392712777946e-05   0.9999880790710449
14609438   0.00025978684425354004   0.9997401833534241
16255782   0.9881187081336975   0.011881246231496334
16255782   0.013778353109955788   0.9862216711044312
16255782   0.9943009614944458   0.0056990208104252815
16433929   1.761461498972494e-05   0.9999823570251465
16433929   3.884948091581464e-05   0.9999611377716064
16433929   0.00012154130672570318   0.9998784065246582
16433929   3.698928048834205e-05   0.9999630451202393
16433929   0.00047307353815995157   0.9995269775390625
16433929   1.4535075024468824e-05   0.9999854564666748
16433929   0.0002498792309779674   0.9997500777244568
16433929   1.3290385140862782e-05   0.9999867677688599
16433929   3.644793832791038e-05   0.9999635219573975
16433929   2.7044892703997903e-05   0.999972939491272
16433929   0.00030699640046805143   0.9996930360794067
16433929   1.9002951376023702e-05   0.9999810457229614
16433929   5.908738967264071e-05   0.9999408721923828
16433929   0.0005743233487010002   0.9994256496429443
16433929   0.0009045432670973241   0.9990954399108887
16433929   2.7130785383633338e-05   0.9999728202819824
16433929   3.083487899857573e-05   0.9999691247940063
15040800   3.20394137816038e-05   0.9999679327011108
15040800   2.746483005466871e-05   0.9999725818634033
15040800   0.0011545955203473568   0.9988453388214111
15040800   1.2098694242013153e-05   0.9999879598617554
15040800   5.3907402616459876e-05   0.999946117401123
17425782   6.569834658876061e-05   0.9999343156814575
17425782   1.2847785001213197e-05   0.9999871253967285
17425782   2.381908598181326e-05   0.9999761581420898
17425782   0.000527179567143321   0.9994727969169617
17425782   1.479491766076535e-05   0.9999852180480957
15676071   9.181747373077087e-06   0.9999908208847046
15676071   7.490735151804984e-05   0.9999251365661621
15676071   8.815844921628013e-05   0.9999117851257324
15676071   8.558586705476046e-05   0.9999144077301025
15676071   2.446304824843537e-05   0.9999755620956421
15676071   1.1319770237605553e-05   0.9999886751174927
15676071   4.625632936949842e-05   0.9999537467956543
15676071   1.778906698746141e-05   0.9999822378158569
15676071   1.3579212463810109e-05   0.9999864101409912
15676071   1.4788288353884127e-05   0.9999852180480957
15676071   1.10720711745671e-05   0.9999889135360718
15676071   9.616696843295358e-06   0.9999903440475464
15676071   1.961773341463413e-05   0.9999803304672241
15676071   3.9790764276403934e-05   0.99996018409729
14723793   9.980400136555545e-06   0.9999899864196777
14723793   0.00015116327267605811   0.9998488426208496
14723793   1.630016959097702e-05   0.9999836683273315
14723793   3.215670949430205e-05   0.9999678134918213
14723793   6.0133552324259654e-05   0.9999399185180664
14737183   2.653620504133869e-05   0.9999734163284302
14737183   1.9671182599267922e-05   0.9999803304672241
14737183   2.3240565496962517e-05   0.9999767541885376
14737183   5.941301060374826e-05   0.9999406337738037
14737183   2.8400643714121543e-05   0.9999716281890869
14737183   0.9813687801361084   0.018631204962730408
14737183   3.4686774597503245e-05   0.9999653100967407
14737183   0.0001392483536619693   0.9998607635498047
14737183   0.00038817967288196087   0.9996117949485779
14737183   5.030493775848299e-05   0.9999496936798096
14737183   1.3101394870318472e-05   0.9999868869781494
14737183   0.012394298799335957   0.9876056909561157
16103912   1.2056352716172114e-05   0.9999879598617554
16103912   9.608446816855576e-06   0.9999903440475464
17194222   1.0462437785463408e-05   0.9999895095825195
17194222   8.793110464466736e-05   0.9999120235443115
17194222   0.00012265762779861689   0.9998773336410522
15328533   1.1134268788737245e-05   0.9999889135360718
15328533   1.3238519386504777e-05   0.9999867677688599
15492776   8.85602094058413e-06   0.9999911785125732
15492776   1.536670606583357e-05   0.999984622001648
15492776   1.282921130041359e-05   0.9999871253967285
15492776   1.1321551937726326e-05   0.9999886751174927
15492776   0.9748936295509338   0.025106336921453476
15492776   1.6045580196077935e-05   0.9999839067459106
15492776   2.8393329557729885e-05   0.9999716281890869
15492776   1.5875717508606613e-05   0.9999841451644897
15492776   1.2930103366670664e-05   0.9999871253967285
15492776   8.879201232048217e-06   0.9999911785125732
15492776   8.932520358939655e-06   0.9999910593032837
15492776   1.0953844139294233e-05   0.9999890327453613
15492776   1.1912870832020417e-05   0.9999880790710449
15492776   4.807659934158437e-05   0.999951958656311
15492776   1.073261046258267e-05   0.9999892711639404
16221973   3.517786899465136e-05   0.9999648332595825
16221973   0.00040995029849000275   0.9995900988578796
16221973   0.00025112120783887804   0.9997488856315613
16221973   0.00022401187743525952   0.9997759461402893
16221973   9.034168215293903e-06   0.9999909400939941
16221973   5.9311445511411875e-05   0.9999406337738037
15550985   9.375026820634957e-06   0.9999905824661255
15550985   9.731576028570998e-06   0.9999902248382568
15550985   1.9506676835590042e-05   0.9999804496765137
15550985   1.048605190590024e-05   0.9999895095825195
15550985   2.1320396626833826e-05   0.9999786615371704
15550985   1.4626319170929492e-05   0.9999853372573853
15550985   9.425651114725042e-06   0.9999905824661255
15550985   1.211751441587694e-05   0.9999878406524658
15550985   8.92546904651681e-06   0.9999910593032837
15550985   8.939849976741243e-06   0.9999910593032837
15588329   2.4703487724764273e-05   0.999975323677063
15588329   4.656871533370577e-05   0.9999533891677856
15588329   2.7257419787929393e-05   0.9999727010726929
15588329   0.0006325030117295682   0.9993675351142883
15588329   8.977339348348323e-06   0.9999910593032837
15588329   0.00015201432688627392   0.9998480081558228
15588329   5.866836727363989e-05   0.999941349029541
15588329   0.00012922639143653214   0.999870777130127
15588329   8.958780199463945e-06   0.9999910593032837
15588329   9.896190931613091e-06   0.9999901056289673
15588329   9.29487850953592e-06   0.999990701675415
15588329   0.00022482479107566178   0.999775230884552
15588329   1.0749429748102557e-05   0.9999892711639404
15588329   9.741251233208459e-06   0.9999902248382568
15588329   0.0025364162866026163   0.997463583946228
15588329   6.894350372022018e-05   0.9999310970306396
15588329   1.4999435734353028e-05   0.9999849796295166
15588329   2.1295683836797252e-05   0.9999786615371704
15588329   3.055664637940936e-05   0.999969482421875
15588329   1.0303792805643752e-05   0.9999897480010986
15588329   6.707407010253519e-05   0.9999328851699829
15588329   5.356259134714492e-05   0.9999464750289917
15876356   4.8706035158829764e-05   0.9999512434005737
15876356   6.586954259546474e-05   0.9999340772628784
15876356   8.988698937173467e-06   0.9999910593032837
15876356   1.0590328201942611e-05   0.99998939037323
15876356   1.2395362318784464e-05   0.9999876022338867
15876356   5.0971764721907675e-05   0.9999489784240723
15876356   1.065569267666433e-05   0.99998939037323
15876356   1.1083078788942657e-05   0.9999889135360718
15876356   9.185689123114571e-06   0.9999908208847046
15876356   1.3539100109483115e-05   0.9999864101409912
15876356   0.0002519836416468024   0.9997480511665344
16362077   1.547216743347235e-05   0.9999845027923584
16362077   1.9603428881964646e-05   0.9999804496765137
16362077   2.1263664166326635e-05   0.99997878074646
16362077   1.6359785149688832e-05   0.9999836683273315
16362077   0.9699921011924744   0.030007943511009216
16362077   1.3298167687025853e-05   0.9999866485595703
16362077   3.378320252522826e-05   0.9999662637710571
16362077   1.3779796972812619e-05   0.9999861717224121
16362077   1.0841324183274992e-05   0.9999891519546509
16362077   0.003939736634492874   0.9960601925849915
16507151   0.0021221539936959743   0.997877836227417
16507151   6.630559073528275e-05   0.9999337196350098
16507151   2.2794627511757426e-05   0.9999772310256958
16507151   1.2673161108978093e-05   0.9999873638153076
16507151   2.2125119357951917e-05   0.9999778270721436
16507151   0.9999713897705078   2.8601063604583032e-05
16507151   0.009845908731222153   0.9901540875434875
16507151   1.4709972674609162e-05   0.9999853372573853
16507151   0.0001244839804712683   0.999875545501709
16507151   6.936939462320879e-05   0.9999306201934814
16507151   0.006922104395925999   0.9930778741836548
17447844   9.111642611969728e-06   0.9999909400939941
17447844   1.3983734788780566e-05   0.9999860525131226
17447844   8.944608453020919e-06   0.9999910593032837
17447844   1.0630743418005295e-05   0.99998939037323
17447844   2.0776113160536624e-05   0.9999792575836182
17447844   1.3605137610284146e-05   0.9999864101409912
17447844   2.0487301298999228e-05   0.9999794960021973
17447844   1.4469575944531243e-05   0.9999855756759644
17447844   1.0988464964611921e-05   0.9999890327453613
17447844   9.329203749075532e-06   0.999990701675415
17447844   1.3512914847524371e-05   0.9999865293502808
17447844   9.723264156491496e-06   0.9999902248382568
17447844   9.16170120035531e-06   0.9999908208847046
17447844   9.10077869775705e-06   0.9999909400939941
17447844   1.0764376384031493e-05   0.9999892711639404
17447844   8.913781130104326e-06   0.9999910593032837
17447844   1.0574503903626464e-05   0.99998939037323
17447844   1.308920491283061e-05   0.9999868869781494
17447844   1.4003123396832962e-05   0.9999860525131226
17447844   2.3113341740099713e-05   0.9999768733978271
17447844   9.254854376194999e-06   0.999990701675415
17447844   0.00016159232473000884   0.9998383522033691
17447844   1.4663918591395486e-05   0.9999853372573853
17244351   9.979696187656373e-06   0.9999899864196777
17244351   2.548951124481391e-05   0.9999744892120361
17244351   6.574396684300154e-05   0.999934196472168
17244351   2.7708760171663016e-05   0.9999723434448242
16628246   1.3471328202285804e-05   0.9999865293502808
16628246   1.1983574040641543e-05   0.9999879598617554
16628246   3.2491068850504234e-05   0.9999674558639526
16628246   1.0690543604141567e-05   0.9999892711639404
16628246   0.9997437596321106   0.0002562550362199545
16628246   0.999482274055481   0.0005176783888600767
16628246   0.9999924898147583   7.460265806003008e-06
16628246   3.925975761376321e-05   0.9999607801437378
16628246   1.3883027349947952e-05   0.9999861717224121
16628246   1.0226962331216782e-05   0.9999897480010986
16628246   5.114364466862753e-05   0.9999488592147827
16628246   0.9991069436073303   0.0008930506883189082
16628246   1.1349735359544866e-05   0.9999886751174927
16628246   5.9711546782637015e-05   0.9999402761459351
16628246   0.9999923706054688   7.686179742449895e-06
16628246   1.3863723324902821e-05   0.9999861717224121
16628246   9.281813618144952e-06   0.999990701675415
16628246   9.167119060293771e-06   0.9999908208847046
16628246   9.0161611296935e-06   0.9999909400939941
16628246   3.204048334737308e-05   0.9999679327011108
16628246   9.658774615672883e-06   0.9999903440475464
16628246   3.5106349969282746e-05   0.9999648332595825
16628246   0.0012723797699436545   0.9987276196479797
16628246   0.000627973407972604   0.9993720650672913
16628246   1.800170684873592e-05   0.9999819993972778
16628246   1.2357261766737793e-05   0.9999876022338867
16628246   1.4199134056980256e-05   0.9999858140945435
16628246   2.0820005374844186e-05   0.9999791383743286
16628246   1.6318101188517176e-05   0.9999836683273315
16628246   0.00011603192979237065   0.9998840093612671
16628246   4.165871359873563e-05   0.9999583959579468
16628246   9.235159268428106e-06   0.9999908208847046
16628246   1.0648774150467943e-05   0.99998939037323
16628246   8.967515896074474e-06   0.9999910593032837
16628246   0.0030097640119493008   0.9969902038574219
16628246   0.00035892188316211104   0.9996410608291626
16628246   3.044114782824181e-05   0.9999696016311646
16628246   2.2718930267728865e-05   0.9999772310256958
16628246   1.0530477993597742e-05   0.9999895095825195
16628246   1.0764858416223433e-05   0.9999892711639404
16628246   2.574703648861032e-05   0.999974250793457
16628246   0.00342634622938931   0.9965736865997314
16628246   1.2710548617178574e-05   0.9999872446060181
16628246   1.158279428636888e-05   0.9999884366989136
16628246   0.992306649684906   0.0076933568343520164
16628246   2.4073184249573387e-05   0.9999759197235107
16628246   3.730743992491625e-05   0.9999626874923706
16628246   2.346585642953869e-05   0.9999765157699585
16628246   0.0002298356412211433   0.9997702240943909
16628246   8.758530748309568e-05   0.9999123811721802
16628246   3.50856025761459e-05   0.9999649524688721
15314659   0.003925981465727091   0.9960740804672241
15314659   1.3272639080241788e-05   0.9999867677688599
15314659   0.9895957112312317   0.010404287837445736
15314659   0.00020655438129324466   0.9997934699058533
15314659   7.720085704931989e-05   0.9999227523803711
15314659   5.285169027047232e-05   0.999947190284729
15314659   7.186574657680467e-05   0.9999281167984009
15314659   0.0016012571286410093   0.9983987212181091
15314659   0.00048614281695336103   0.9995138645172119
15314659   0.9999926090240479   7.340607680816902e-06
15314659   0.9998272061347961   0.00017283338820561767
15314659   9.53027392824879e-06   0.9999904632568359
15314659   0.00012038279237458482   0.9998795986175537
15314659   0.00034796641557477415   0.9996520280838013
15314659   0.9996615648269653   0.00033849908504635096
15314659   0.00022560749494004995   0.9997743964195251
15314659   1.6510342902620323e-05   0.9999834299087524
15314659   1.1249819181102794e-05   0.9999887943267822
17022820   1.2608028555405326e-05   0.9999873638153076
17696610   1.0818507689691614e-05   0.9999891519546509
17696610   1.1163400813529734e-05   0.9999887943267822
17696610   1.5253624042088632e-05   0.9999847412109375
17696610   9.32686361920787e-06   0.999990701675415
17696610   9.482867426413577e-06   0.9999904632568359
17696610   1.3031153685005847e-05   0.999987006187439
17696610   9.844608030107338e-06   0.9999901056289673
17696610   5.011571556678973e-05   0.9999499320983887
17696610   1.1338548574713059e-05   0.9999886751174927
17696610   1.7538583051646128e-05   0.999982476234436
17696610   1.042302119458327e-05   0.9999896287918091
17696610   1.971217898244504e-05   0.9999803304672241
16670015   9.123924246523529e-05   0.9999088048934937
15819996   9.682660675025545e-06   0.9999903440475464
15819996   1.5557419828837737e-05   0.9999843835830688
15819996   8.869476914696861e-06   0.9999911785125732
15819996   1.6979318388621323e-05   0.9999830722808838
15819996   8.97546487976797e-06   0.9999910593032837
15819996   9.085897545446642e-06   0.9999909400939941
15819996   9.185732778860256e-06   0.9999908208847046
15819996   0.00010464931256137788   0.9998953342437744
15819996   2.5769093554117717e-05   0.999974250793457
15819996   1.0169396773562767e-05   0.9999898672103882
15819996   1.010639789456036e-05   0.9999898672103882
15819996   9.523114385956433e-06   0.9999904632568359
15819996   1.1888902008649893e-05   0.9999880790710449
15819996   9.504097761237063e-06   0.9999904632568359
15819996   4.872517820331268e-05   0.9999512434005737
15819996   9.242990927305073e-06   0.999990701675415
15819996   1.3750957805314101e-05   0.9999862909317017
15819996   0.9999864101409912   1.3542276974476408e-05
